Test Error          Train Error         Global Error        Bias                Variance 
0.0831215866        0.0829877064        0.0771144757        0.0771010876        0.0000133880        
0.0259671886        0.0256162918        0.0259195960        0.0258828821        0.0000367139        
0.0182368382        0.0181462452        0.0189553966        0.0189465128        0.0000088838        
0.0099428272        0.0096253979        0.0091935369        0.0091565923        0.0000369446        
0.0061067890        0.0058167174        0.0065106429        0.0064781165        0.0000325264        
0.0042742929        0.0039786022        0.0046997104        0.0046674580        0.0000322524        
0.0034919122        0.0031594271        0.0045196014        0.0044787686        0.0000408327        
0.0033769303        0.0028361350        0.0027360103        0.0026936086        0.0000424018        
0.0028713730        0.0025402163        0.0026047443        0.0025621581        0.0000425862        
0.0029263806        0.0023290905        0.0030501259        0.0029601532        0.0000899727        
0.0030778957        0.0023117932        0.0028550770        0.0027942758        0.0000608012        
0.0034164180        0.0023463560        0.0023489845        0.0020909445        0.0002580400        
0.0030023318        0.0022476126        0.0025708846        0.0024549369        0.0001159477        
0.0031547195        0.0021641913        0.0061069233        0.0048076002        0.0012993231        
0.0031007532        0.0021130918        0.0029909205        0.0028431406        0.0001477799        
0.0035464173        0.0022455853        0.0024655588        0.0022201531        0.0002454057        
0.0033018410        0.0020668827        0.0034923447        0.0030375976        0.0004547472        
0.0038207856        0.0021015890        0.0027925707        0.0026246459        0.0001679248        
0.0029997304        0.0021133631        0.0033346382        0.0031291054        0.0002055328        
0.0031998250        0.0020452950        0.0034763729        0.0031073686        0.0003690043        
0.0038940870        0.0021179718        0.0052178797        0.0035753270        0.0016425527        
0.0032860169        0.0020210595        0.0029040691        0.0027769237        0.0001271454        
0.0039024307        0.0020060441        0.0046679526        0.0041502815        0.0005176711        
0.0258004915        0.0019750278        0.0104922075        0.0065205453        0.0039716622        
0.0502479113        0.0019985853        0.0040608516        0.0032357840        0.0008250677        
0.0078607684        0.0020419314        0.0271249333        0.0049282364        0.0221966969        
