Test Error          Train Error         Global Error        Bias                Variance 
44326.0388728581820        44325.0267476727095        44662.8280641812453        44662.7268516627009        0.1012125185481        
31195.7845418442448        31193.3716247334269        30810.1931262131948        30809.9512174456650        0.2419087675227        
24893.5639829303764        24887.7454161031237        24661.2284256430939        24660.6443568361647        0.5840688069258        
18352.0571364864227        18346.3701271298705        18351.6828679302125        18351.1106338174832        0.5722341127313        
14058.8847221738251        14052.8436952274606        13883.9264222955644        13883.3274731247202        0.5989491708485        
10805.6539334319586        10799.2232317509115        10752.4407741511568        10751.8095132341750        0.6312609169797        
9065.9206621393059        9060.6081122252890        9033.8030901530365        9033.2706819883279        0.5324081647083        
7512.3865355988992        7506.7485288192229        7624.5615560036522        7623.9859963485023        0.5755596551501        
6776.6097004232633        6770.0393060370407        6595.5470335132532        6594.8999931925782        0.6470403206750        
5337.9683147228925        5331.4188897460863        5401.6703881498679        5401.0109636385559        0.6594245113115        
4698.6202619626883        4694.7241587535373        4637.7604613472240        4589.2530332300930        48.5074281171316        
4581.4398660440111        4574.2681746533326        4571.2891639133450        4570.4600624198920        0.8291014934516        
4457.8944555987255        4447.7388530360895        4391.7767527052274        4390.0324738341906        1.7442788710370        
4167.7245369159418        4161.1545555154489        4205.0169878156876        4194.8737027763682        10.1432850393195        
4123.6869758159519        4117.8582562402398        4130.2271381765268        4128.9507826282061        1.2763555483217        
4075.5125219969109        4070.4285926449711        4104.0099958349156        4079.1480735376313        24.8619222972835        
3974.2300812945969        3966.9519681512684        3963.7811324108302        3962.9417103911242        0.8394220197057        
3863.8875202630670        3856.7682739994466        3746.4220094180223        3740.7093851751210        5.7126242429009        
3838.0646753178944        3828.7164999634551        3817.5392642113870        3815.4132574463110        2.1260067650756        
3839.9017714200354        3831.1818213136694        3812.0307807771628        3810.4712251633373        1.5595556138257        
3772.7778722182716        3764.3427119963758        3791.8724215377406        3790.7719597799060        1.1004617578347        
3759.1171128310866        3750.4452489790756        3738.7513319065874        3737.7435660744950        1.0077658320928        
3633.3232193924109        3626.3356612040457        3627.5588256835977        3626.4815365880854        1.0772890955120        
3644.8812629638660        3636.1172014974900        3623.3790760577108        3621.0841057357452        2.2949703219655        
3623.4622070971986        3616.6049361520986        3503.1352727188228        3487.0692577587106        16.0660149601125        
3594.6011632700538        3586.2290795575341        3621.2585169932922        3618.4525635188234        2.8059534744678        
