Test Error          Train Error         Global Error        Bias                Variance 
0.0823149373        0.0822044976        0.0804523946        0.0804413507        0.0000110440        
0.0266714663        0.0263347699        0.0228642486        0.0228362284        0.0000280201        
0.0179501393        0.0175372161        0.0214747725        0.0214327990        0.0000419736        
0.0101100816        0.0098136592        0.0100335174        0.0100036494        0.0000298680        
0.0104798806        0.0099301760        0.0100312635        0.0099768648        0.0000543987        
0.0099457141        0.0095429970        0.0102443645        0.0101977095        0.0000466550        
0.0091606031        0.0088977895        0.0071307115        0.0071068559        0.0000238555        
0.0087621601        0.0084584220        0.0073504866        0.0073181728        0.0000323139        
0.0086940773        0.0083109846        0.0073282508        0.0072910286        0.0000372222        
0.0084574349        0.0081852036        0.0075980876        0.0075746982        0.0000233894        
0.0084654063        0.0081118772        0.0086996683        0.0086644394        0.0000352289        
0.0081833099        0.0078562812        0.0098569430        0.0098244899        0.0000324531        
0.0084846836        0.0080647240        0.0084145666        0.0083654783        0.0000490884        
0.0082415002        0.0078132303        0.0091054059        0.0090516262        0.0000537797        
0.0081970526        0.0078764548        0.0068948484        0.0068588878        0.0000359606        
0.0078707847        0.0075657978        0.0091772166        0.0091437954        0.0000334212        
0.0080667216        0.0077155297        0.0066844879        0.0066514670        0.0000330209        
0.0080381947        0.0076218568        0.0080944760        0.0080628481        0.0000316279        
0.0081741148        0.0076239170        0.0080449404        0.0079700041        0.0000749363        
0.0079661715        0.0076353004        0.0079582122        0.0079271565        0.0000310556        
0.0075695469        0.0073664550        0.0096770181        0.0096568116        0.0000202065        
0.0082477513        0.0078700237        0.0068920157        0.0068620491        0.0000299667        
0.0078083499        0.0075944167        0.0085554523        0.0085393906        0.0000160616        
0.0081141923        0.0078161109        0.0068289873        0.0068037268        0.0000252605        
0.0078217142        0.0075343217        0.0092310562        0.0092017592        0.0000292970        
0.0077823869        0.0074801729        0.0083127231        0.0082861693        0.0000265538        
