Test Error          Train Error         Global Error        Bias                Variance 
0.0800404874        0.0798519664        0.0905384850        0.0905196329        0.0000188521        
0.0258572992        0.0256642202        0.0256926280        0.0256730398        0.0000195882        
0.0190288405        0.0186292990        0.0167458358        0.0167062649        0.0000395709        
0.0098479284        0.0095403757        0.0095665896        0.0095346211        0.0000319684        
0.0060130456        0.0057431668        0.0068155281        0.0067883580        0.0000271701        
0.0043479014        0.0039840987        0.0046026839        0.0045564636        0.0000462203        
0.0036479129        0.0032310823        0.0040720261        0.0040090995        0.0000629266        
0.0029752304        0.0026625072        0.0038353312        0.0037940920        0.0000412392        
0.0029108119        0.0025169048        0.0029142385        0.0028627287        0.0000515097        
0.0027604376        0.0024308506        0.0026795781        0.0026410261        0.0000385520        
0.0028879845        0.0024167543        0.0026946043        0.0026172649        0.0000773393        
0.0029013479        0.0024570927        0.0023142360        0.0022384402        0.0000757958        
0.0029495170        0.0023186453        0.0026368806        0.0025408497        0.0000960309        
0.0029884129        0.0023194105        0.0025654158        0.0023929549        0.0001724609        
0.0027716493        0.0022520586        0.0029462400        0.0028208590        0.0001253810        
0.0029335338        0.0022374663        0.0027146293        0.0024920727        0.0002225566        
0.0028721249        0.0022189328        0.0027325574        0.0026659926        0.0000665647        
0.0029205389        0.0021946498        0.0027284170        0.0026519907        0.0000764263        
0.0030587475        0.0022067514        0.0027016395        0.0025614075        0.0001402321        
0.0030248796        0.0022390399        0.0028166207        0.0026525243        0.0001640964        
0.0030247445        0.0021729383        0.0031449757        0.0029667434        0.0001782324        
0.0029872643        0.0021744353        0.0050254044        0.0047811466        0.0002442578        
0.0031050008        0.0021345697        0.0028276124        0.0026990731        0.0001285393        
0.0031070393        0.0021197502        0.0031694685        0.0029863677        0.0001831008        
0.0030688096        0.0021334757        0.0032385019        0.0030711805        0.0001673215        
0.0029784030        0.0020874672        0.0077822387        0.0073066791        0.0004755596        
