Test Error          Train Error         Global Error        Bias                Variance lamb = 2e-9 
44246.2583799097        44080.2757497986        46403.9397515184        46393.0728467097        10.8669048087        
32300.7131561217        32008.2369077001        29448.3072322107        29420.0863174946        28.2209147161        
24249.4336744523        23972.8679419652        22237.7841767150        22210.6662237517        27.1179529633        
18975.6709043665        18464.5090304301        16968.4055760888        16918.7197800528        49.6857960360        
13667.8358501909        13143.9116246145        14572.4776275236        14522.3157204768        50.1619070468        
10867.1891118503        10282.7942568894        11375.8386197623        11305.0769397921        70.7616799702        
8922.0583865796        8407.2665085334        9549.6079429025        9499.1058338279        50.5021090745        
7881.6276989888        7254.1345973779        7577.2203754677        7512.3400784625        64.8802970052        
7218.7796238279        6493.6491368610        6010.3772365777        5921.0592742335        89.3179623443        
7296.3078417597        6372.4623938142        4620.1468678053        4525.3589062647        94.7879615406        
6099.2647910522        5357.8133436873        6848.1146322323        6756.2997257607        91.8149064715        
5425.1801752639        4918.0994414723        6454.0997103457        6394.6476011127        59.4521092330        
5310.3259105216        4697.4581935317        6467.4742055826        6369.1279035941        98.3463019885        
5173.7790319034        4487.0866404299        6969.5610995258        6851.1727529764        118.3883465494        
5585.1937387096        4838.5239528521        5392.4871076339        5226.4498957051        166.0372119289        
5186.7064278879        4548.3707402527        8063.4994727945        7818.6369553954        244.8625173991        
6083.9290813293        4375.9331883973        5472.7717042390        5258.4053618280        214.3663424110        
5271.0635714249        4513.0721601678        4363.4877989099        4289.5151148399        73.9726840700        
4913.6996954782        4116.8522902883        5753.6552372587        5651.2042966476        102.4509406111        
4918.1442768992        4263.7554874669        5063.1384142829        4974.6206510745        88.5177632083        
5013.7851047839        4320.4873710222        4615.4856662729        4522.0284063277        93.4572599452        
5105.7682301287        4251.2536887139        5052.7681262363        4581.0291022519        471.7390239844        
4964.4110755219        4256.5076491978        4595.7115043237        4532.6745218184        63.0369825053        
4982.1458082447        4345.0357247741        4306.5179662792        4199.0706624550        107.4473038242        
5123.6969468221        4163.2018889117        9391.2643352793        6688.8598148559        2702.4045204234        
4843.9923454548        4046.2189929640        5226.7157597980        5165.5082763270        61.2074834709        
4885.6255112916        4147.3357088942        4621.5408407594        4538.5387692684        83.0020714911        
5399.7656740469        4271.3316498044        4161.5524000165        3999.4290184814        162.1233815352        
5549.1614370915        4165.6086204793        4572.3744653058        4461.0483361295        111.3261291763        
4872.6629259021        3826.8233307453        5754.8791045231        5655.2785105653        99.6005939578        
4906.6035479833        3839.1438124768        5888.1679386086        5742.5589956927        145.6089429159        
24062.9390953194        3908.9367449535        7151.4492947865        5900.9107102293        1250.5385845572        
4862.1677821590        4086.0028519832        4168.9623900611        4043.8008490708        125.1615409903        
4977.4992907696        4186.7276722846        4313.5033976211        3903.0396667601        410.4637308610        
4885.8688641855        3935.4374028414        4567.3948614307        4461.8138349948        105.5810264360        
7133.6477114304        4045.7694798098        14894.0306564688        5429.6807612332        9464.3498952356        
