Test Error          Train Error         Global Error        Bias                Variance 
46209.8668246045054        46056.9694703348141        38059.6790167085637        38051.2553365887652        8.4236801197913        
32649.7036902883738        32383.0045635667520        27867.6918238830622        27845.4377403064464        22.2540835766239        
23864.5518379507375        23385.9656634538660        24408.9250779783542        24365.1397522444240        43.7853257339293        
19135.8014047494144        18671.3700460108885        16233.0098313746184        16184.6455407456178        48.3642906290030        
13594.1336437802147        13091.6442504371862        15053.1923451983293        15001.6466251876154        51.5457200107114        
10811.7132687052781        10215.8956938194497        11563.6000851594872        11483.2694340776452        80.3306510818473        
9491.0724451472488        8912.6002588154861        7349.7047706570602        7283.5146861440671        66.1900845129938        
8111.2976959899261        7316.9120050791798        7350.6330883344826        7255.7974532929557        94.8356350415293        
6649.8370169895497        5988.4753874157523        7847.0464789899315        7766.6639441610496        80.3825348288812        
5588.3873386147880        4763.3476366592777        7624.3435345033731        7505.6946854225871        118.6488490807840        
5496.9417494363242        4485.8373258175652        5691.0960824550311        5471.1931868786405        219.9028955763934        
4830.5814277226937        4056.3682726805150        6403.5065582095476        6256.8482875317213        146.6582706778243        
5056.6895496986872        4159.4498722455146        5109.4969630914784        4759.1543779598996        350.3425851315804        
5338.1345242537236        4198.4770908670453        3938.3744986563975        3846.7390695286290        91.6354291277687        
4619.0692580327495        3892.9607628284894        4112.0679113846745        3994.7156281902544        117.3522831944206        
4636.5128486681979        3838.9097407045570        4599.0608544689803        4477.8830217917002        121.1778326772809        
5389.0843054400302        3708.1849869688276        3869.1274257369246        3718.7114625949789        150.4159631419468        
4899.9159066011935        3813.1601342205695        4941.8427491988541        3790.4646870653801        1151.3780621334699        
4933.6029986809563        3484.3945425178854        4110.4740598661456        3987.8141356821961        122.6599241839487        
4991.7449136757077        3465.5307833470870        4494.2150638530538        4299.1122096919871        195.1028541610660        
4741.7188647645144        3497.5138776225804        3966.7857872110590        3811.1295278551956        155.6562593558623        
4950.8772772042948        3207.1835946931560        6893.3106418909620        5687.6724783764685        1205.6381635144926        
4727.2822983749456        3401.8002418034857        3816.9655717730820        3621.7748653880349        195.1907063850479        
4632.6302110597317        3249.2295545064599        3890.0408304347447        3762.1477572290555        127.8930732056890        
5965.7837066887241        3162.9136260134464        5250.6020227774961        4458.0600022145290        792.5420205629673        
4738.8227346858930        3274.2034240243238        4611.0171887600627        4324.1236669622249        286.8935217978345        
5190.9290884293951        3239.5704236749289        3942.8073495691951        3615.6346986783151        327.1726508908810        
5853.2449198848499        3237.8179730070688        5318.0413960810602        3566.2465422359937        1751.7948538450667        
5487.9892237346048        3202.7993171896342        7149.9397032448878        5410.9369333469185        1739.0027698979711        
5462.4577421398772        3107.5360630560658        7325.1280627321921        6670.3498444811785        654.7782182510160        
10865.6142641371080        3114.9897465045974        20902.5738746123207        19300.4591108714667        1602.1147637408567        
6395.1852467157069        3037.6954689731456        43763.2829926975319        33160.1576189109255        10603.1253737866045        
31286.7383783163677        2906.9262802874828        8314.2754390194004        5129.8008546004339        3184.4745844189633        
8241.6155409894382        2948.9766848076242        9786.0851371581321        7971.3448805877415        1814.7402565703883        
71468.6181181083666        3022.3877393291923        40234.3951019620581        14046.9295856729786        26187.4655162890886        
22719.2486718921100        2900.2542346113432        4861.4276762041845        4320.8883251840298        540.5393510201561        
